teste 1:
Pequeno: 1.702413s + 1.692053s + 1.707130s => (média) 1.700532s
Medio: 17.880995s + 17.921035s + 17.890483s => (média) 17.89750s
Grande: 196.325340s + 197.185623s + 196.321782s => (média) 196.610915s

teste 2:
Pequeno: 195.652278s + 196.393742s + 195.304653s => (média) 195.783558s
Medio: 253.781535s + 253.347761s + 251.999772s => (média) 253.043023s
Grande: 346.715354s + 344.653373s + 340.194905s => (média) 343.854544s

teste 3:
Pequeno: 2.217017s + 2.218897s + 2.218217s => (média) 2.218044s
Medio: 19.270664s + 19.512369s + 19.490437s => (média) 19.424490s
Grande: 196.289504s + 200.099878s + 200.288345s => (média) 198.892576s
